{
    "samples": [
        {
            "x": 2.170994758605957,
            "y": 5.570810317993164,
            "heading": -0.01268620040694458,
            "angularVelocity": 2.9849747254244604e-28,
            "velocityX": 2.7992717930944737e-27,
            "velocityY": 3.2410180712998576e-27,
            "timestamp": 0
        },
        {
            "x": 2.3285193443298424,
            "y": 5.567595481872559,
            "heading": -0.014279058451263297,
            "angularVelocity": -0.01591886826748075,
            "velocityX": 1.5742853783938695,
            "velocityY": -0.03212875930029837,
            "timestamp": 0.10006101046596555
        },
        {
            "x": 2.486043930053711,
            "y": 5.564380645751953,
            "heading": -0.015871916502686628,
            "angularVelocity": -0.01591886833848358,
            "velocityX": 1.5742853783937016,
            "velocityY": -0.03212875930029494,
            "timestamp": 0.20012202093193104
        },
        {
            "x": 2.486043930053711,
            "y": 5.564380645751953,
            "heading": -0.015871916502686628,
            "angularVelocity": 5.344785022482007e-29,
            "velocityX": 2.5183040195981943e-28,
            "velocityY": 4.292471448912338e-28,
            "timestamp": 0.30018303139789654
        }
    ]
}